130 4190
130.812783 255
138.591315 30
146.832384 100
155.563492 30
164.813778 100
174.614116 100
184.997211 30
195.997718 100
207.652349 30
220.000000 100
233.081881 30
246.941651 100
261.625565 255
277.182631 30
293.664768 100
311.126984 30
329.627557 100
349.228231 100
369.994423 30
391.995436 100
415.304698 30
440.000000 100
466.163762 30
493.883301 100
523.251131 255
554.365262 30
587.329536 100
622.253967 30
659.255114 100
698.456463 100
739.988845 30
783.990872 100
830.609395 30
880.000000 100
932.327523 30
987.766603 100
1046.502261 255
1108.730524 30
1174.659072 100
1244.507935 30
1318.510228 100
1396.912926 100
1479.977691 30
1567.981744 100
1661.218790 30
1760.000000 100
1864.655046 30
1975.533205 100
2093.004522 255
2217.461048 30
2349.318143 100
2489.015870 30
2637.020455 100
2793.825851 100
2959.955382 30
3135.963488 100
3322.437581 30
3520.000000 100
3729.310092 30
3951.066410 100
4186.009045 255
0 -1